
107275487
107275576
107275612
107275737
107275738
107275976
107276001
107276199
107276233
107276402
107276515
107276747
107276748
107276749
107276750
107276751
107276906
107277136
107277382
107278051
107278568
107278964
4323895
4324303
4324481
4324540
4324554
4324570
4324810
4324827
4324999
4325026
4325067
4325256
4325269
4325311
4325495
4325503
4325531
4325584
4325602
4325651
4325684
4325695
4325707
4325715
4325740
4325763
4325812
4325823
4325824
4326073
4326086
4326092
4326102
4326125
4326137
4326146
4326148
4326149
4326218
4326219
4326220
4326229
4326408
4326442
4326519
4326520
4326530
4326815
4326817
4326912
4326936
4326969
4326980
4327085
4327122
4327212
4327214
4327289
4327423
4327461
4327573
4327627
4327644
4327654
4327709
4327740
4327776
4327831
4327947
4327977
4327990
4328018
4328053
4328073
4328132
4328155
4328185
4328418
4328439
4328458
4328542
4328552
4328835
4329022
4329098
4329321
4329529
4329550
4329551
4329561
4329668
4329678
4329685
4329715
4329844
4329853
4329920
4330034
4330036
4330073
4330163
4330189
4330192
4330259
4330271
4330385
4330421
4330459
4330663
4330670
4330752
4330756
4330780
4330797
4330987
4331033
4331127
4331166
4331184
4331214
4331239
4331303
4331375
4331493
4331540
4331547
4331559
4331577
4331680
4331733
4331734
4331745
4331929
4331945
4332061
4332079
4332106
4332121
4332151
4332190
4332293
4332374
4332401
4332422
4332423
4332433
4332456
4332468
4332572
4332574
4332593
4332686
4332791
4332799
4332801
4332843
4332856
4332900
4332950
4333009
4333098
4333121
4333193
4333282
4333291
4333458
4333459
4333629
4333712
4333791
4333792
4333793
4333794
4333844
4333862
4333970
4334032
4334060
4334073
4334169
4334183
4334251
4334271
4334283
4334439
4334651
4334653
4334710
4334753
4334799
4334805
4334886
4334926
4334956
4334958
4334992
4335054
4335058
4335091
4335099
4335102
4335391
4335622
4335732
4335937
4335984
4336027
4336066
4336250
4336361
4336365
4336415
4336485
4336554
4336830
4336835
4336874
4336875
4336908
4336909
4336991
4336997
4337001
4337016
4337096
4337097
4337192
4337206
4337229
4337311
4337359
4337388
4337415
4337482
4337484
4337486
4337488
4337510
4337541
4337548
4337600
4337608
4337635
4337714
4337775
4337818
4337915
4337975
4338007
4338010
4338362
4338392
4338400
4338409
4338449
4338452
4338861
4338968
4339142
4339170
4339251
4339380
4339395
4339451
4339646
4339701
4339702
4339748
4339807
4339815
4339833
4339843
4339871
4339892
4340008
4340073
4340151
4340170
4340195
4340240
4340476
4340492
4340787
4340793
4340794
4340800
4340805
4341202
4341214
4341259
4341261
4341285
4341290
4341497
4341584
4341667
4341693
4341940
4341942
4341944
4342012
4342017
4342032
4342076
4342114
4342162
4342192
4342198
4342343
4342382
4342408
4342680
4342703
4342771
4342996
4343069
4343177
4343274
4343377
4343443
4343481
4343482
4343486
4343487
4343491
4343492
4343590
4343694
4343728
4343785
4343841
4343890
4344032
4344277
4344281
4344314
4344403
4344439
4344567
4344615
4344616
4344618
4344619
4344702
4345220
4345439
4345492
4345551
4345597
4345717
4345934
4345975
4346075
4346224
4346299
4346336
4346379
4346714
4346795
4346988
4346993
4347074
4347092
4347096
4347248
4347402
4347405
4347451
4347510
4347708
4347748
4347775
4347796
4347797
4347856
4347913
4347919
4347923
4347937
4347942
4348152
4348167
4348172
4348633
4348634
4348791
4348808
4348855
4348866
4348870
4349083
4349097
4349196
4349224
4349236
4349239
4349267
4349302
4349339
4349524
4350057
4350084
4350234
4350255
4350456
4350483
4350614
4350663
4350706
4350821
4350822
4350836
4351010
4351079
4351451
4351511
4351610
4351668
4351682
4351696
4351700
4351847
4351966
4352014
4352016
4352021
4352104
4352117
4352146
4352147
4352286
4352333
4352426
4352441
4352505
4352747
4352761
4352897
4352918
4352928
9266916
9266918
9266952
9267782
9267802
9268150
9268304
9268597
9268628
9268723
9269069
9269286
9269493
9269575
9269854
9269876
9269916
9270064
9270348
9270397
9270837
9270958
9271182
9271197
NCBI gene ID
