4323965
4324107
4324119
4324144
4324167
4324176
4324318
4324327
4324342
4324344
4324386
4324434
4324515
4324527
4324621
4324625
4324670
4324697
4324699
4324748
4324773
4324873
4324985
4325293
4325344
4325348
4325479
4325531
4325537
4325568
4325586
4325587
4325589
4325621
4325680
4325707
4325734
4325747
4325855
4325927
4325966
4325971
4325994
4326023
4326024
4326037
4326038
4326040
4326086
4326092
4326102
4326147
4326153
4326196
4326218
4326219
4326220
4326315
4326409
4326475
4326530
4326580
4326638
4326663
4326664
4326700
4326816
4326868
4326912
4326923
4326943
4326996
4327068
4327097
4327122
4327199
4327202
4327239
4327256
4327454
4327465
4327479
4327485
4327535
4327545
4327568
4327578
4327944
4327945
4327973
4328040
4328075
4328079
4328085
4328090
4328095
4328108
4328122
4328124
4328129
4328132
4328185
4328186
4328220
4328327
4328423
4328603
4328662
4328767
4328779
4328787
4328808
4328812
4328826
4328841
4328842
4328860
4328960
4328963
4328997
4329022
4329023
4329388
4329671
4329695
4329709
4329715
4329772
4330085
4330221
4330248
4330265
4330406
4330474
4330544
4330552
4330702
4330752
4330838
4330867
4330898
4331066
4331074
4331085
4331100
4331101
4331131
4331150
4331184
4331347
4331352
4331443
4331468
4331502
4331515
4331528
4331585
4331647
4331683
4331839
4331861
4331897
4331915
4331917
4331941
4332022
4332043
4332121
4332146
4332190
4332289
4332341
4332413
4332455
4332665
4332791
4332894
4332896
4333075
4333077
4333085
4333091
4333156
4333209
4333216
4333273
4333291
4333310
4333430
4333554
4333610
4333658
4333744
4333748
4333821
4333824
4333927
4333985
4334073
4334077
4334078
4334116
4334191
4334216
4334289
4334290
4334338
4334407
4334427
4334439
4334485
4334549
4334598
4334643
4334679
4334695
4334698
4334710
4334801
4334848
4334886
4334891
4334893
4334905
4334910
4334938
4334939
4334952
4334953
4334956
4334958
4334969
4334998
4335001
4335012
4335044
4335045
4335048
4335089
4335098
4335104
4335112
4335157
4335166
4335167
4335171
4335203
4335442
4335474
4335592
4335682
4335732
4335862
4335935
4335937
4335957
4336012
4336079
4336108
4336131
4336158
4336192
4336323
4336485
4336765
4336783
4336875
4337046
4337168
4337238
4337306
4337318
4337360
4337406
4337447
4337480
4337495
4337508
4337548
4337606
4337662
4337677
4337818
4337829
4337962
4338077
4338392
4338413
4338449
4338452
4338474
4338477
4338540
4338880
4338930
4338976
4339017
4339094
4339106
4339136
4339146
4339201
4339216
4339246
4339251
4339266
4339276
4339361
4339444
4339483
4339516
4339663
4339680
4339838
4339849
4339887
4339891
4339910
4339921
4339959
4339971
4340002
4340071
4340110
4340151
4340162
4340177
4340195
4340218
4340272
4340278
4340302
4340317
4340320
4340353
4340378
4340386
4340481
4340495
4340516
4340590
4340725
4340777
4341195
4341262
4341290
4341418
4341421
4341497
4341591
4341641
4341658
4341661
4341667
4341801
4341804
4341894
4341923
4341966
4342023
4342109
4342133
4342159
4342342
4342395
4342508
4342526
4342703
4342714
4342774
4342808
4342857
4342911
4342988
4343274
4343319
4343395
4343500
4343555
4343649
4343899
4343914
4343932
4343954
4344036
4344077
4344172
4344256
4344267
4344285
4344305
4344321
4344324
4344351
4344361
4344440
4344534
4344564
4344670
4344710
4345218
4345281
4345330
4345338
4345480
4345499
4345529
4345530
4345625
4345646
4345787
4345795
4345798
4345831
4345832
4345846
4345935
4346138
4346305
4346475
4346559
4346594
4346638
4346795
4346906
4346918
4346920
4347019
4347142
4347389
4347402
4347405
4347418
4347439
4347451
4347452
4347497
4347508
4347509
4347541
4347674
4347702
4347733
4347752
4347920
4347936
4348052
4348287
4348304
4348343
4348359
4348523
4348966
4349062
4349081
4349083
4349202
4349204
4349339
4349396
4349447
4349543
4349605
4349683
4349828
4349924
4349966
4349996
4350057
4350098
4350429
4350456
4350528
4350614
4350663
4350689
4350766
4350850
4350881
4350947
4350964
4351061
4351065
4351079
4351219
4351252
4351319
4351320
4351401
4351717
4351914
4351976
4352085
4352148
4352458
4352505
4352691
4352747
4352802
4352832
4352833
4352878
4352894
4352897
4352928
9266262
9266321
9266663
9266860
9267076
9267281
9267350
9267778
9267782
9267802
9267860
9268113
9268807
9268844
9268990
9269237
9269286
9269575
9269916
9270209
9270348
9270476
9271189
9271390
9271405
9272080
9272347
9272357
9272621
107275576
107275758
107275807
107276131
107277512
107277956