4323837
4323840
4323880
4324001
4324011
4324255
4324341
4324606
4324637
4324683
4324749
4324937
4325004
4325272
4325277
4325511
4325641
4325680
4325710
4325727
4325743
4325801
4325919
4325980
4326035
4326077
4326082
4326092
4326136
4326141
4326153
4326159
4326161
4326273
4326537
4326551
4326659
4326704
4326775
4326932
4326934
4326948
4327163
4327212
4327214
4327234
4327269
4327340
4327673
4327786
4328000
4328006
4328072
4328079
4328085
4328107
4328235
4328256
4328499
4328636
4328820
4328841
4328842
4329024
4329027
4329133
4329165
4329623
4329695
4329811
4329929
4329967
4330228
4330291
4330370
4330837
4330851
4330873
4330983
4330987
4331022
4331066
4331112
4331129
4331136
4331218
4331225
4331239
4331270
4331275
4331367
4331514
4331516
4331625
4331745
4331763
4331810
4331811
4331812
4331813
4331872
4332125
4332134
4332157
4332325
4332407
4332499
4333009
4333091
4333280
4333291
4333416
4333502
4333595
4333657
4333768
4333967
4333969
4334078
4334114
4334216
4334363
4334418
4334439
4334655
4334657
4334695
4334727
4334753
4334780
4334781
4334835
4334839
4334910
4334956
4334958
4334962
4334968
4335058
4335098
4335102
4335171
4335442
4335518
4335526
4335622
4335984
4335994
4336185
4336634
4336636
4336983
4337044
4337046
4337051
4337056
4337093
4337096
4337097
4337229
4337256
4337306
4337356
4337372
4337478
4337483
4337533
4337563
4337577
4337587
4337593
4337596
4337676
4337724
4337902
4337952
4338047
4338092
4338250
4338500
4339011
4339025
4339106
4339230
4339236
4339369
4339477
4339627
4339637
4339821
4339838
4339886
4339895
4339914
4339920
4339959
4340000
4340110
4340142
4340311
4340667
4340777
4340805
4340846
4340919
4341233
4341478
4341482
4341902
4341920
4341944
4341957
4341960
4342148
4342342
4342543
4342700
4343198
4343249
4343349
4343386
4343517
4343589
4343748
4344077
4344197
4344218
4344281
4344293
4344321
4344370
4344487
4344702
4344710
4345044
4345388
4345497
4345569
4345651
4345710
4345923
4345929
4345935
4346305
4346474
4346714
4346719
4346741
4346795
4346901
4347000
4347019
4347142
4347224
4347225
4347428
4347584
4347638
4347661
4347709
4347729
4347856
4347902
4347954
4347985
4348052
4348287
4348336
4348359
4348503
4348661
4349130
4349157
4349250
4349349
4349509
4349645
4350023
4350143
4350245
4350791
4350827
4351000
4352085
4352104
4352342
4352413
4352745
4352783
4352809
4352857
4352928
9266306
9266786
9266916
9267350
9267758
9269575
9270064
9270165
9270425
9270563
9270724
9271196
9271754
9272115
9272308
9272685
107275818
107276307
107276457
107277775
107278051