107275487
107275818
107275869
107275971
107276001
107276199
107276515
107277956
107278586
4324066
4324167
4324342
4324344
4324386
4324493
4324699
4324704
4324827
4325026
4325081
4325125
4325269
4325293
4325348
4325424
4325586
4325587
4325589
4325613
4325680
4326014
4326023
4326024
4326035
4326042
4326086
4326092
4326102
4326332
4326333
4326519
4326520
4326530
4326659
4326700
4326996
4327068
4327097
4327242
4327256
4327465
4327479
4327535
4327573
4327651
4327740
4327868
4327977
4328072
4328108
4328132
4328188
4328220
4328448
4328841
4328842
4328960
4329022
4329037
4329093
4329695
4329703
4329861
4330221
4330291
4330409
4330552
4330752
4330838
4330867
4331184
4331443
4331468
4331488
4331528
4331530
4331836
4331839
4331897
4331915
4331917
4332121
4332152
4332289
4332401
4332422
4332423
4332468
4332665
4332843
4333156
4333282
4333291
4333336
4333430
4333589
4333744
4333768
4333844
4333927
4333970
4334032
4334216
4334283
4334427
4334554
4334695
4334703
4334886
4334905
4334937
4334968
4335011
4335053
4335112
4335126
4335130
4335167
4335177
4335391
4335485
4335518
4335526
4335666
4335701
4335984
4335994
4336012
4336108
4336323
4336757
4336765
4336783
4336832
4337046
4337301
4337480
4337526
4337604
4337606
4337662
4337775
4337818
4337962
4338014
4338413
4338477
4338880
4338976
4339136
4339146
4339216
4339312
4339451
4339677
4339682
4339745
4339807
4339808
4339849
4339869
4339887
4339895
4339959
4339971
4340110
4340177
4340218
4340240
4340302
4340455
4340456
4340590
4340670
4340777
4340805
4340907
4341290
4341418
4341591
4341661
4341703
4341979
4342109
4342251
4342342
4342508
4342988
4343010
4343069
4343319
4343395
4343482
4343487
4343492
4343498
4343555
4343906
4343914
4344172
4344182
4344285
4344287
4344290
4344351
4344366
4344389
4344445
4344507
4344555
4344556
4344557
4344558
4344563
4344564
4344615
4344616
4344618
4344619
4344670
4344752
4345218
4345625
4345795
4345798
4345831
4345832
4346159
4346475
4346513
4347069
4347176
4347451
4347459
4347638
4347674
4347695
4347775
4348237
4348287
4348359
4348808
4349083
4349267
4349339
4349447
4349472
4349543
4349544
4349996
4350528
4350663
4350749
4350766
4350821
4350822
4351034
4351252
4351253
4351323
4351675
4351676
4351717
4351908
4351914
4351976
4352104
4352148
4352286
4352458
4352505
4352524
9266321
9266530
9266801
9266918
9267281
9268304
9268807
9268844
9268874
9268990
9269169
9269286
9269758
9270160
9270348
9271075
9271189
9271390
9272080
9272501
9272626
9272634