107275257
107275263
107275487
107275737
107276199
107276402
107276515
107276747
107276748
107276749
107276750
107276751
107278051
4324066
4324220
4324255
4324342
4324344
4324375
4324540
4324554
4324570
4325269
4325272
4325424
4325503
4325517
4325537
4325707
4325715
4325734
4325740
4325823
4325824
4325966
4326037
4326042
4326082
4326086
4326092
4326102
4326125
4326218
4326219
4326220
4326518
4326519
4326520
4326530
4326551
4326663
4326664
4326817
4327212
4327214
4327343
4327369
4327545
4327651
4327709
4327947
4327977
4327990
4328006
4328073
4328075
4328132
4328340
4328485
4328808
4328841
4328842
4329022
4329024
4329027
4329561
4329685
4329772
4329853
4329959
4330076
4330077
4330189
4330385
4330432
4330437
4330443
4330544
4330552
4331066
4331074
4331182
4331189
4331303
4331338
4331381
4331488
4331647
4331926
4331929
4332413
4332422
4332423
4332456
4332474
4332574
4332593
4332842
4332856
4332981
4333121
4333458
4333610
4333620
4333621
4333623
4333791
4333792
4333793
4333794
4333821
4333823
4333860
4333862
4333898
4333967
4333970
4333985
4334183
4334598
4334643
4334651
4334703
4334822
4334848
4334910
4334956
4334958
4334968
4334969
4334992
4335044
4335058
4335091
4335094
4335098
4335167
4335391
4335474
4335602
4335932
4336045
4336066
4336178
4336485
4336757
4336849
4336875
4336997
4337001
4337311
4337347
4337351
4337359
4337361
4337372
4337376
4337388
4337415
4337421
4337447
4337462
4337480
4337526
4337548
4337818
4337975
4338010
4338014
4338092
4338103
4338201
4338250
4338392
4338413
4338477
4338546
4338683
4338740
4338976
4339175
4339209
4339216
4339451
4339463
4339483
4339701
4339745
4339756
4339843
4339849
4339920
4339922
4339959
4339994
4340008
4340071
4340110
4340195
4340667
4340671
4340765
4340777
4340793
4340794
4340800
4340805
4340844
4341034
4341202
4341214
4341233
4341290
4341418
4341497
4341573
4341664
4341836
4341942
4341944
4342014
4342017
4342076
4342077
4342114
4342614
4342703
4343482
4343487
4343492
4343837
4343890
4343921
4343999
4344147
4344197
4344277
4344281
4344287
4344296
4344324
4344399
4344440
4344615
4344616
4344618
4344619
4344702
4344837
4344838
4344839
4344840
4344931
4344999
4345065
4345499
4345779
4345787
4345831
4345832
4345891
4345935
4345937
4345965
4346216
4346299
4346714
4346779
4346785
4346920
4346988
4346993
4347221
4347224
4347225
4347226
4347357
4347402
4347405
4347497
4347591
4347615
4347708
4347709
4347796
4347797
4347856
4347912
4347942
4347962
4348052
4348167
4348172
4348180
4348336
4348633
4348634
4348870
4349010
4349081
4349202
4349204
4349267
4349430
4349433
4349966
4350057
4350234
4350344
4350345
4350483
4350519
4350614
4350663
4350821
4350822
4350836
4350947
4351010
4351034
4352117
4352286
4352505
4352691
4352761
9266123
9266189
9266663
9266801
9266830
9266916
9266918
9267076
9267802
9268304
9268723
9268844
9269237
9269758
9269876
9269916
9270026
9270064
9270348
9271182
9271945
9272308
9272357