107275806
107276001
107276161
107277799
4323989
4324011
4324158
4324202
4324386
4324540
4324546
4324853
4325269
4325335
4325344
4325727
4325892
4325994
4326037
4326038
4326082
4326092
4326146
4326147
4326249
4326505
4326537
4326551
4326610
4326704
4326782
4326815
4327118
4327212
4327214
4327269
4327627
4327674
4327999
4328000
4328006
4328041
4328064
4328075
4328085
4328121
4328124
4328185
4328186
4328220
4328435
4328499
4328636
4328798
4328826
4328835
4328841
4328842
4329024
4329027
4329186
4329840
4329952
4329967
4330228
4330239
4330370
4330431
4330432
4330480
4330755
4330888
4331022
4331136
4331275
4331502
4331540
4331573
4331651
4331810
4331811
4331812
4331813
4331872
4331875
4331897
4331899
4331945
4332121
4332407
4332435
4332455
4332474
4332567
4332802
4332884
4333009
4333091
4333121
4333156
4333257
4333291
4333306
4333329
4333336
4333387
4333437
4333502
4333657
4333658
4333768
4333821
4333823
4333824
4333862
4333872
4333927
4334389
4334799
4334839
4334840
4334895
4334910
4334938
4334962
4335474
4335479
4335531
4335701
4336027
4336185
4336307
4336350
4336393
4336634
4336636
4336640
4336728
4336855
4336863
4336991
4337046
4337051
4337100
4337102
4337229
4337356
4337406
4337421
4337548
4337565
4337587
4337589
4338077
4338507
4338564
4338716
4339011
4339023
4339162
4339396
4339412
4339516
4339572
4339641
4339664
4339701
4339815
4339823
4339874
4339880
4339886
4339898
4339933
4339959
4340110
4340244
4340302
4340311
4340505
4340522
4340640
4340667
4340777
4340805
4340902
4340958
4341038
4341195
4341262
4341272
4341570
4341621
4341836
4341902
4341927
4341957
4341969
4342014
4342065
4342114
4342119
4342342
4342420
4342461
4342462
4342463
4342510
4342543
4342750
4342774
4342826
4343010
4343020
4343183
4343215
4343319
4343649
4343749
4343768
4343834
4343906
4344029
4344036
4344059
4344162
4344394
4344487
4344493
4344507
4344516
4344534
4344688
4344702
4344766
4345044
4345160
4345218
4345287
4345365
4345529
4345530
4345625
4345710
4345755
4346129
4346234
4346247
4346305
4346335
4346594
4346795
4347069
4347137
4347401
4347422
4347496
4347615
4347638
4347709
4347729
4347920
4348192
4348211
4348287
4348336
4348452
4348524
4348729
4348966
4349122
4349204
4349602
4349653
4350429
4350431
4350433
4350519
4350663
4350727
4350782
4350821
4350822
4350975
4351000
4351068
4351318
4351323
4351374
4351724
4351726
4351850
4351914
4352045
4352104
4352353
4352413
4352426
4352606
4352760
4352802
4352823
4352832
4352833
9266169
9266224
9266232
9266562
9267894
9267955
9269169
9269237
9269310
9269365
9269758
9270165
9270828
9271055
9271278
9271539
9271699
9271790
9271945
9272347
9272624