107275257
107275279
107275405
107275429
107275437
107275487
107275612
107275691
107275737
107275741
107275806
107275818
107275831
107275834
107275869
107275890
107275898
107275936
107276023
107276062
107276217
107276256
107276380
107276402
107276515
107276699
107276747
107276748
107276749
107276750
107276751
107276906
107277061
107277155
107277382
107277460
107277478
107277511
107277604
107278051
107278218
107278434
107278568
107278632
107278650
112935981
112935984
112936027
4323866
4323875
4323880
4323902
4324001
4324061
4324065
4324130
4324152
4324166
4324176
4324220
4324249
4324288
4324307
4324327
4324333
4324426
4324481
4324490
4324515
4324540
4324542
4324554
4324570
4324573
4324580
4324611
4324637
4324670
4324686
4324697
4324715
4324720
4324757
4324770
4324774
4324785
4324791
4324793
4324794
4324804
4324826
4324827
4324833
4324903
4324941
4324962
4324999
4325006
4325014
4325095
4325138
4325145
4325162
4325227
4325228
4325293
4325308
4325325
4325395
4325409
4325410
4325416
4325444
4325449
4325503
4325505
4325531
4325537
4325546
4325562
4325563
4325572
4325600
4325632
4325643
4325651
4325654
4325657
4325670
4325680
4325681
4325700
4325704
4325707
4325710
4325715
4325734
4325740
4325749
4325801
4325812
4325823
4325824
4325917
4325927
4325928
4325934
4325964
4325974
4325992
4325993
4325994
4325995
4326014
4326023
4326024
4326045
4326079
4326082
4326086
4326092
4326102
4326153
4326178
4326218
4326219
4326220
4326228
4326229
4326245
4326262
4326284
4326315
4326332
4326333
4326371
4326376
4326394
4326398
4326402
4326432
4326459
4326475
4326481
4326482
4326483
4326503
4326519
4326530
4326546
4326550
4326572
4326573
4326644
4326647
4326663
4326677
4326735
4326818
4326846
4326868
4326887
4326912
4326945
4326954
4326967
4326980
4327046
4327068
4327070
4327092
4327122
4327135
4327139
4327143
4327178
4327239
4327240
4327282
4327402
4327472
4327475
4327476
4327493
4327545
4327548
4327558
4327568
4327615
4327644
4327684
4327707
4327831
4327894
4327947
4327964
4327977
4327990
4328018
4328053
4328060
4328075
4328124
4328266
4328340
4328384
4328452
4328493
4328509
4328530
4328540
4328552
4328562
4328566
4328570
4328571
4328607
4328616
4328618
4328737
4328759
4328808
4328812
4328841
4328842
4328886
4328957
4328982
4328997
4329022
4329037
4329065
4329194
4329210
4329318
4329339
4329486
4329550
4329582
4329618
4329678
4329685
4329717
4329853
4329861
4329862
4329920
4329969
4330003
4330012
4330015
4330034
4330036
4330049
4330073
4330077
4330090
4330105
4330111
4330113
4330124
4330161
4330163
4330189
4330372
4330380
4330390
4330397
4330402
4330421
4330436
4330461
4330489
4330525
4330530
4330531
4330552
4330570
4330612
4330621
4330644
4330657
4330670
4330723
4330727
4330747
4330753
4330781
4330821
4330832
4330842
4330867
4330914
4330916
4330959
4330987
4331019
4331043
4331066
4331074
4331085
4331101
4331112
4331134
4331148
4331150
4331157
4331188
4331189
4331192
4331239
4331303
4331321
4331363
4331402
4331439
4331441
4331443
4331452
4331464
4331473
4331490
4331508
4331515
4331520
4331559
4331583
4331585
4331586
4331598
4331646
4331647
4331730
4331733
4331745
4331746
4331750
4331752
4331753
4331779
4331817
4331818
4331822
4331861
4331899
4331929
4331939
4331941
4331984
4331997
4332012
4332033
4332037
4332051
4332079
4332081
4332107
4332123
4332134
4332145
4332156
4332161
4332166
4332167
4332168
4332184
4332195
4332217
4332218
4332237
4332279
4332286
4332305
4332329
4332347
4332365
4332373
4332382
4332422
4332423
4332428
4332433
4332434
4332449
4332456
4332483
4332495
4332499
4332506
4332519
4332523
4332548
4332568
4332570
4332574
4332593
4332651
4332654
4332660
4332714
4332717
4332743
4332856
4332873
4332925
4332950
4333017
4333022
4333028
4333070
4333121
4333171
4333193
4333275
4333280
4333289
4333291
4333298
4333386
4333388
4333399
4333430
4333432
4333501
4333528
4333554
4333583
4333590
4333604
4333617
4333620
4333695
4333744
4333750
4333783
4333791
4333792
4333793
4333794
4333843
4333857
4333860
4333879
4333896
4333898
4333902
4333917
4333926
4333948
4333953
4333955
4333967
4333970
4333976
4334013
4334014
4334032
4334049
4334062
4334091
4334104
4334116
4334132
4334166
4334183
4334200
4334216
4334251
4334255
4334283
4334284
4334487
4334519
4334554
4334572
4334598
4334606
4334641
4334651
4334653
4334656
4334657
4334660
4334663
4334698
4334717
4334735
4334764
4334803
4334848
4334891
4334912
4334956
4334958
4334968
4334981
4334992
4335091
4335099
4335102
4335132
4335218
4335346
4335418
4335474
4335478
4335515
4335579
4335666
4335676
4335707
4335732
4335862
4335869
4335896
4335899
4335910
4335911
4335923
4335925
4335932
4335937
4335999
4336001
4336010
4336015
4336035
4336117
4336124
4336129
4336178
4336181
4336192
4336193
4336249
4336250
4336344
4336357
4336361
4336376
4336405
4336407
4336415
4336431
4336494
4336495
4336497
4336500
4336503
4336515
4336538
4336554
4336627
4336629
4336630
4336645
4336648
4336662
4336681
4336683
4336685
4336691
4336711
4336724
4336728
4336743
4336750
4336764
4336783
4336798
4336814
4336835
4336874
4336908
4336987
4336997
4337001
4337016
4337048
4337055
4337056
4337100
4337102
4337195
4337222
4337230
4337238
4337306
4337388
4337404
4337435
4337447
4337480
4337482
4337484
4337486
4337488
4337510
4337526
4337548
4337577
4337593
4337596
4337600
4337615
4337662
4337673
4337676
4337689
4337690
4337714
4337762
4337827
4337878
4337904
4337905
4337908
4337925
4337946
4337958
4337967
4337982
4338007
4338014
4338040
4338092
4338093
4338122
4338201
4338250
4338267
4338362
4338367
4338392
4338400
4338409
4338474
4338478
4338531
4338545
4338594
4338691
4338728
4338740
4338750
4338756
4338776
4338861
4338870
4338880
4338914
4338960
4338976
4339078
4339131
4339142
4339153
4339188
4339246
4339251
4339265
4339283
4339332
4339365
4339402
4339406
4339413
4339432
4339451
4339463
4339483
4339565
4339639
4339646
4339675
4339695
4339703
4339732
4339739
4339748
4339788
4339806
4339807
4339820
4339843
4339844
4339846
4339854
4339959
4339994
4339998
4340002
4340042
4340064
4340110
4340195
4340212
4340213
4340240
4340297
4340344
4340386
4340439
4340443
4340516
4340541
4340560
4340663
4340664
4340684
4340719
4340725
4340751
4340765
4340777
4340787
4340907
4340911
4340986
4340994
4341093
4341202
4341214
4341232
4341259
4341261
4341277
4341290
4341300
4341304
4341305
4341337
4341358
4341379
4341450
4341458
4341497
4341584
4341591
4341664
4341667
4341716
4341753
4341771
4341778
4341861
4341940
4341944
4341965
4341990
4341992
4341998
4342024
4342032
4342060
4342075
4342076
4342114
4342187
4342198
4342205
4342218
4342316
4342317
4342318
4342446
4342453
4342534
4342600
4342614
4342676
4342703
4342713
4342778
4342783
4342865
4342896
4342988
4343032
4343047
4343098
4343208
4343231
4343249
4343304
4343312
4343364
4343386
4343392
4343460
4343462
4343469
4343481
4343482
4343486
4343487
4343491
4343492
4343498
4343500
4343546
4343553
4343573
4343614
4343616
4343697
4343698
4343712
4343728
4343738
4343748
4343785
4343798
4343800
4343821
4343822
4343827
4343829
4343841
4343946
4343959
4343992
4343998
4344020
4344022
4344024
4344028
4344044
4344089
4344159
4344220
4344254
4344277
4344281
4344287
4344296
4344324
4344345
4344351
4344386
4344425
4344431
4344445
4344448
4344548
4344567
4344584
4344605
4344615
4344616
4344618
4344619
4344670
4344702
4344752
4344841
4344843
4344844
4344846
4344928
4344972
4345019
4345021
4345024
4345030
4345200
4345218
4345220
4345270
4345338
4345385
4345480
4345492
4345497
4345498
4345499
4345604
4345646
4345717
4345795
4345798
4345825
4345861
4345870
4345873
4345923
4345934
4345993
4345994
4346059
4346175
4346176
4346184
4346186
4346216
4346240
4346302
4346305
4346322
4346323
4346335
4346336
4346347
4346360
4346391
4346438
4346460
4346513
4346520
4346556
4346640
4346672
4346699
4346740
4346755
4346756
4346776
4346779
4346785
4346797
4346860
4346868
4346875
4346909
4346945
4346961
4347042
4347097
4347112
4347125
4347126
4347172
4347173
4347175
4347176
4347179
4347208
4347226
4347238
4347242
4347259
4347261
4347310
4347320
4347344
4347370
4347386
4347402
4347405
4347418
4347444
4347445
4347446
4347491
4347530
4347547
4347552
4347589
4347591
4347661
4347672
4347674
4347691
4347717
4347747
4347748
4347752
4347776
4347796
4347797
4347808
4347809
4347816
4347833
4347856
4347875
4347877
4347891
4347912
4347919
4347942
4348003
4348052
4348060
4348130
4348167
4348172
4348211
4348242
4348359
4348440
4348469
4348512
4348555
4348562
4348592
4348639
4348729
4348733
4348741
4348791
4348794
4348808
4348816
4348829
4348831
4348859
4348866
4348870
4348873
4348924
4348926
4348928
4348966
4348993
4349010
4349038
4349097
4349167
4349204
4349207
4349210
4349233
4349267
4349270
4349318
4349336
4349339
4349343
4349348
4349349
4349350
4349351
4349369
4349390
4349424
4349447
4349464
4349471
4349472
4349512
4349520
4349527
4349567
4349587
4349644
4349650
4349683
4349695
4349708
4349752
4349764
4349800
4349863
4349897
4349950
4349966
4350054
4350138
4350186
4350299
4350442
4350456
4350483
4350486
4350545
4350788
4350816
4350836
4350862
4350881
4350947
4351010
4351045
4351131
4351184
4351219
4351238
4351277
4351300
4351369
4351370
4351384
4351401
4351410
4351414
4351427
4351483
4351527
4351675
4351676
4351696
4351707
4351717
4351871
4351908
4351915
4351945
4351977
4352086
4352117
4352155
4352160
4352201
4352223
4352342
4352343
4352447
4352485
4352496
4352500
4352520
4352546
4352555
4352571
4352572
4352627
4352653
4352706
4352741
4352747
4352763
4352828
4352852
4352853
4352855
4352856
4352890
4352910
4352917
4352918
4352923
4352928
9266123
9266321
9266530
9266663
9266786
9266830
9266916
9266918
9267024
9267076
9267293
9267322
9267626
9267646
9267681
9267778
9267802
9267860
9267882
9268111
9268154
9268236
9268297
9268304
9268476
9268723
9268844
9269069
9269254
9269324
9269523
9269575
9269794
9269876
9269916
9269918
9269930
9270256
9270267
9270348
9270397
9270717
9270837
9271041
9271160
9271182
9271403
9271634
9271905
9272170
9272376
9272590
9272649
9272686