107276402
107277382
107277512
107277956
4324066
4324107
4324167
4324342
4324344
4324493
4324637
4324873
4324927
4324985
4325081
4325348
4325424
4325613
4325695
4325710
4325966
4326042
4326136
4326520
4326664
4326817
4326969
4326996
4327097
4327212
4327214
4327256
4327465
4327479
4327535
4327654
4327740
4327776
4328018
4328073
4328090
4328296
4328439
4328618
4328662
4328860
4329283
4329844
4329959
4330265
4330271
4330291
4330385
4330409
4330464
4330838
4330991
4331127
4331184
4331443
4331488
4331647
4331915
4332061
4332134
4332455
4332665
4332894
4332896
4333768
4333844
4334283
4334554
4334910
4334956
4334958
4334968
4335054
4335094
4335126
4335130
4335167
4335171
4335177
4335984
4336108
4336765
4337238
4337301
4337447
4337818
4338413
4338540
4339136
4339165
4339201
4339312
4339451
4339843
4339959
4340110
4340218
4340590
4340777
4341034
4341195
4341727
4341942
4341944
4341966
4341998
4342017
4342205
4343069
4343286
4343386
4343837
4343890
4344036
4344059
4344281
4344285
4344287
4344296
4344351
4344366
4344564
4345891
4345937
4346299
4346988
4346993
4347357
4347389
4347610
4347775
4347796
4347797
4347856
4347862
4347913
4348237
4348287
4348359
4348503
4348633
4348634
4349083
4349204
4349267
4349339
4350456
4350821
4350822
4351976
4352215
4352458
9266189
9266321
9266492
9266916
9268844
9269286
9271189
9272080