107275257
107275429
107275487
107275612
107275737
107275806
107275831
107275925
107276314
107276380
107276459
107276515
107276702
107276747
107276748
107276749
107276750
107276751
107277137
107277382
107277428
107277512
107277604
107278051
4323866
4323989
4323991
4324001
4324107
4324130
4324133
4324136
4324158
4324166
4324167
4324179
4324218
4324220
4324263
4324264
4324327
4324333
4324349
4324391
4324455
4324459
4324481
4324515
4324540
4324551
4324570
4324580
4324683
4324770
4324774
4324793
4324873
4324934
4324962
4325014
4325080
4325167
4325272
4325293
4325325
4325348
4325409
4325410
4325444
4325449
4325495
4325501
4325503
4325505
4325517
4325537
4325621
4325632
4325680
4325707
4325715
4325734
4325740
4325747
4325823
4325824
4325841
4325994
4325995
4326023
4326024
4326034
4326079
4326086
4326092
4326102
4326136
4326166
4326211
4326218
4326219
4326220
4326245
4326284
4326297
4326376
4326408
4326432
4326459
4326481
4326482
4326518
4326520
4326569
4326614
4326663
4326664
4326735
4326767
4326817
4326909
4326915
4326943
4326967
4326996
4327039
4327097
4327120
4327122
4327178
4327212
4327214
4327260
4327282
4327394
4327412
4327416
4327423
4327485
4327499
4327518
4327535
4327545
4327644
4327719
4327776
4327803
4327833
4327874
4327894
4327899
4327947
4327977
4328018
4328073
4328075
4328086
4328124
4328132
4328266
4328296
4328340
4328393
4328439
4328485
4328527
4328552
4328603
4328607
4328676
4328685
4328797
4328812
4328841
4328842
4328997
4329022
4329024
4329027
4329065
4329152
4329283
4329321
4329339
4329387
4329483
4329493
4329508
4329626
4329671
4329685
4329757
4329772
4329853
4329862
4329911
4329920
4329936
4330031
4330049
4330057
4330073
4330113
4330120
4330201
4330239
4330253
4330259
4330372
4330380
4330385
4330402
4330432
4330489
4330530
4330531
4330541
4330552
4330567
4330644
4330657
4330670
4330727
4330959
4331066
4331074
4331112
4331118
4331119
4331148
4331150
4331152
4331182
4331189
4331222
4331231
4331239
4331244
4331363
4331393
4331462
4331476
4331586
4331647
4331683
4331752
4331753
4331779
4331818
4331861
4331872
4331875
4331926
4331941
4332012
4332042
4332051
4332061
4332079
4332118
4332195
4332237
4332305
4332401
4332413
4332420
4332422
4332423
4332433
4332456
4332487
4332488
4332499
4332506
4332567
4332593
4332631
4332717
4332736
4332788
4332842
4332856
4332876
4332894
4332896
4333017
4333070
4333098
4333121
4333171
4333193
4333201
4333291
4333298
4333345
4333388
4333432
4333459
4333495
4333528
4333543
4333554
4333580
4333604
4333620
4333623
4333678
4333712
4333791
4333792
4333793
4333794
4333814
4333821
4333823
4333844
4333917
4333967
4334023
4334043
4334116
4334167
4334169
4334347
4334422
4334467
4334490
4334492
4334503
4334544
4334572
4334598
4334606
4334611
4334641
4334651
4334698
4334717
4334738
4334805
4334835
4334891
4334912
4334956
4334958
4334959
4334968
4334992
4335091
4335167
4335294
4335418
4335515
4335627
4335707
4335732
4335877
4335999
4336037
4336081
4336117
4336178
4336192
4336265
4336336
4336361
4336376
4336397
4336407
4336415
4336422
4336440
4336538
4336554
4336600
4336657
4336681
4336683
4336691
4336711
4336779
4336835
4336874
4336875
4336902
4336908
4336912
4336914
4336956
4336991
4336997
4337001
4337032
4337046
4337206
4337238
4337254
4337339
4337376
4337388
4337421
4337447
4337476
4337548
4337585
4337596
4337598
4337662
4337692
4337802
4337818
4337858
4337904
4337925
4337946
4338007
4338201
4338250
4338260
4338334
4338352
4338374
4338392
4338413
4338546
4338593
4338594
4338602
4338740
4338750
4338790
4338914
4338934
4339000
4339136
4339183
4339218
4339251
4339265
4339380
4339406
4339463
4339487
4339516
4339555
4339562
4339565
4339575
4339582
4339639
4339641
4339650
4339675
4339695
4339710
4339736
4339737
4339782
4339791
4339812
4339844
4339849
4339959
4339994
4340110
4340128
4340137
4340151
4340195
4340240
4340282
4340297
4340320
4340348
4340382
4340476
4340484
4340485
4340504
4340516
4340534
4340559
4340663
4340664
4340684
4340738
4340765
4340777
4340812
4340849
4340921
4340988
4341034
4341093
4341174
4341195
4341214
4341219
4341233
4341266
4341290
4341310
4341406
4341450
4341520
4341658
4341664
4341718
4341781
4341838
4341897
4341902
4341942
4341966
4341979
4342001
4342017
4342032
4342055
4342077
4342078
4342114
4342203
4342306
4342316
4342317
4342318
4342508
4342510
4342614
4342665
4342676
4342774
4342778
4342871
4342949
4342953
4343032
4343071
4343122
4343215
4343267
4343275
4343304
4343327
4343380
4343441
4343469
4343481
4343486
4343491
4343498
4343500
4343555
4343573
4343728
4343741
4343748
4343819
4343836
4343890
4343894
4343908
4343924
4343945
4343959
4343980
4343984
4343992
4344022
4344024
4344028
4344029
4344036
4344059
4344089
4344140
4344178
4344255
4344277
4344287
4344288
4344296
4344298
4344324
4344544
4344567
4344605
4344615
4344616
4344618
4344619
4344630
4344662
4344683
4344688
4344696
4344702
4344928
4345046
4345065
4345071
4345200
4345220
4345499
4345501
4345558
4345625
4345646
4345726
4345787
4345831
4345832
4345861
4345891
4345916
4345923
4345930
4345934
4345935
4345937
4346059
4346061
4346090
4346175
4346176
4346184
4346199
4346216
4346249
4346299
4346305
4346336
4346343
4346346
4346456
4346460
4346475
4346489
4346520
4346609
4346699
4346713
4346742
4346779
4346785
4346795
4346809
4346811
4346832
4346860
4346918
4346920
4346961
4346978
4346988
4346993
4347022
4347035
4347042
4347085
4347137
4347155
4347168
4347172
4347226
4347305
4347319
4347320
4347344
4347357
4347370
4347402
4347405
4347418
4347439
4347444
4347445
4347497
4347529
4347530
4347595
4347610
4347647
4347661
4347672
4347700
4347708
4347796
4347797
4347891
4347911
4347912
4347919
4347942
4347985
4348003
4348111
4348152
4348200
4348237
4348242
4348469
4348517
4348520
4348555
4348566
4348729
4348791
4348794
4348795
4348829
4348859
4348870
4348873
4348916
4348924
4348966
4348974
4349010
4349046
4349047
4349081
4349087
4349167
4349196
4349204
4349207
4349210
4349328
4349403
4349446
4349464
4349512
4349548
4349605
4349708
4349754
4349814
4349846
4349866
4349966
4350002
4350084
4350138
4350190
4350217
4350299
4350385
4350442
4350456
4350483
4350546
4350668
4350669
4350698
4350788
4350836
4350881
4350894
4350976
4350983
4351010
4351061
4351068
4351079
4351088
4351184
4351208
4351213
4351319
4351320
4351323
4351406
4351410
4351427
4351545
4351573
4351621
4351724
4351726
4351871
4351914
4351938
4352117
4352146
4352147
4352160
4352218
4352256
4352308
4352423
4352472
4352520
4352546
4352555
4352613
4352660
4352691
4352706
4352763
4352769
4352781
4352802
4352828
4352897
4352905
4352906
9266028
9266224
9266561
9266663
9266860
9266918
9267024
9267051
9267076
9267266
9267778
9267782
9267802
9268232
9268428
9268670
9268723
9268771
9269110
9269169
9269237
9269758
9269876
9269918
9270026
9270348
9270560
9270828
9271182
9271197
9271278
9271405
9271663
9271913
9272123
9272160
9272170
9272458
9272649