107275576
107275807
107276001
107277512
107277956
107278601
4324107
4324158
4324167
4324176
4324303
4324327
4324386
4324515
4324524
4324621
4324670
4324704
4324773
4324810
4324827
4324985
4325026
4325125
4325293
4325344
4325348
4325568
4325586
4325587
4325589
4325602
4325613
4325651
4325680
4325747
4325927
4325928
4325974
4326014
4326035
4326042
4326086
4326102
4326147
4326148
4326149
4326332
4326333
4326782
4326912
4326945
4326996
4327068
4327097
4327199
4327202
4327239
4327242
4327256
4327423
4327479
4327535
4327644
4327740
4327866
4327977
4328041
4328072
4328122
4328124
4328220
4328296
4328327
4328340
4328406
4328435
4328439
4328448
4328571
4328662
4328787
4328798
4328820
4328841
4328842
4328864
4329024
4329027
4329671
4329861
4329976
4330036
4330259
4330265
4330409
4330464
4330552
4330797
4330867
4330888
4330991
4331085
4331100
4331101
4331184
4331443
4331452
4331502
4331528
4331540
4331547
4331585
4331734
4331810
4331811
4331812
4331813
4331861
4331915
4331917
4331941
4331945
4332061
4332289
4332401
4332455
4332468
4332481
4332570
4332665
4332686
4332843
4332900
4333056
4333156
4333209
4333216
4333291
4333310
4333336
4333459
4333589
4333768
4333844
4333927
4334032
4334073
4334191
4334216
4334283
4334338
4334445
4334554
4334710
4334728
4334891
4334937
4334938
4335058
4335104
4335112
4335177
4335518
4335526
4335666
4335689
4335984
4336012
4336022
4336028
4336079
4336083
4336108
4336350
4336415
4336528
4336765
4337262
4337347
4337406
4337441
4337480
4337539
4337662
4337714
4337775
4338449
4338452
4338668
4338768
4338880
4338930
4339017
4339136
4339201
4339248
4339251
4339516
4339641
4339663
4339748
4339849
4339859
4339886
4339887
4339895
4339910
4339959
4340002
4340049
4340110
4340278
4340302
4340386
4340455
4340495
4340516
4340590
4340670
4340725
4340777
4340805
4340909
4341907
4341966
4341979
4341998
4342006
4342109
4342382
4342513
4342680
4342808
4342988
4343010
4343069
4343215
4343319
4343395
4343443
4343498
4343906
4343914
4344036
4344164
4344172
4344285
4344287
4344351
4344361
4344366
4344389
4344507
4344534
4344555
4344556
4344557
4344558
4344563
4344564
4344670
4345131
4345330
4345338
4345520
4345551
4345625
4345795
4345798
4345831
4345832
4345842
4345965
4345975
4346015
4346159
4346513
4346594
4346642
4346776
4346795
4346906
4347042
4347069
4347159
4347242
4347439
4347459
4347589
4347610
4347638
4347674
4347695
4347702
4347775
4348808
4348816
4348966
4349004
4349083
4349233
4349446
4349447
4349543
4349602
4349618
4349996
4350456
4350528
4350663
4350844
4350850
4350961
4351252
4351318
4351335
4351451
4351675
4351676
4351700
4351908
4351976
4352426
4352560
4352802
4352832
4352833
9266321
9266530
9266860
9267579
9267662
9267894
9268113
9268844
9268874
9268990
9269237
9269286
9269758
9270064
9270165
9270828
9271189
9271197
9271390
9271405