107275481
107275485
107275691
107275738
107275792
107275834
107275868
107275930
107275995
107276041
107276053
107276161
107276234
107276970
107276982
107277281
107277799
107277927
107277956
107278586
107278650
107279817
4323843
4323871
4323945
4323963
4323993
4324011
4324026
4324094
4324107
4324116
4324151
4324159
4324167
4324196
4324213
4324245
4324255
4324262
4324275
4324318
4324354
4324367
4324377
4324388
4324401
4324414
4324459
4324469
4324472
4324478
4324479
4324516
4324587
4324744
4324749
4324752
4324778
4324802
4324810
4324827
4324842
4324854
4324882
4324884
4324908
4324933
4324964
4324965
4324967
4324998
4325033
4325067
4325177
4325178
4325195
4325211
4325238
4325243
4325249
4325258
4325263
4325273
4325311
4325335
4325349
4325387
4325426
4325430
4325465
4325486
4325517
4325531
4325555
4325558
4325559
4325581
4325602
4325651
4325695
4325727
4325770
4325841
4325906
4325986
4325994
4326021
4326023
4326024
4326035
4326040
4326077
4326136
4326312
4326365
4326375
4326466
4326475
4326519
4326520
4326537
4326551
4326573
4326576
4326583
4326593
4326704
4326769
4326775
4326815
4326912
4326932
4326942
4326948
4326980
4326994
4327018
4327054
4327067
4327085
4327177
4327187
4327189
4327244
4327257
4327269
4327343
4327403
4327430
4327500
4327530
4327541
4327543
4327544
4327567
4327573
4327627
4327654
4327714
4327715
4327723
4327753
4327776
4327783
4327831
4327859
4327887
4327918
4327931
4327981
4327990
4328000
4328006
4328018
4328085
4328090
4328116
4328124
4328135
4328146
4328147
4328151
4328185
4328186
4328188
4328225
4328274
4328370
4328439
4328451
4328471
4328499
4328516
4328530
4328558
4328586
4328623
4328636
4328645
4328771
4328772
4328833
4328841
4328842
4328932
4328982
4329001
4329017
4329022
4329023
4329024
4329027
4329037
4329119
4329165
4329168
4329197
4329203
4329356
4329447
4329542
4329548
4329554
4329578
4329643
4329668
4329690
4329695
4329709
4329715
4329738
4329741
4329766
4329783
4329820
4329826
4329844
4329888
4329889
4329923
4329932
4329941
4329950
4329952
4329953
4329967
4330085
4330131
4330149
4330160
4330235
4330255
4330307
4330407
4330413
4330457
4330523
4330599
4330626
4330635
4330704
4330711
4330735
4330746
4330811
4330828
4330852
4330868
4330908
4330975
4330991
4331022
4331033
4331034
4331057
4331100
4331123
4331129
4331136
4331189
4331275
4331294
4331336
4331348
4331381
4331411
4331417
4331418
4331448
4331455
4331459
4331468
4331488
4331493
4331495
4331500
4331509
4331516
4331535
4331559
4331592
4331612
4331651
4331673
4331681
4331713
4331717
4331719
4331761
4331763
4331767
4331773
4331807
4331814
4331815
4331897
4331935
4331942
4331945
4331978
4331999
4332061
4332089
4332090
4332099
4332152
4332160
4332226
4332227
4332228
4332338
4332348
4332353
4332364
4332365
4332388
4332392
4332397
4332407
4332455
4332466
4332497
4332498
4332570
4332572
4332603
4332626
4332681
4332686
4332745
4332759
4332771
4332773
4332801
4332843
4332868
4332900
4332925
4332981
4332995
4333006
4333009
4333091
4333103
4333109
4333233
4333257
4333259
4333266
4333316
4333317
4333329
4333336
4333359
4333370
4333413
4333423
4333431
4333437
4333506
4333577
4333586
4333624
4333657
4333658
4333664
4333746
4333791
4333792
4333793
4333794
4333815
4333818
4333824
4333848
4333862
4333865
4333874
4333895
4333900
4333927
4333932
4333943
4333967
4333970
4334020
4334038
4334039
4334048
4334100
4334106
4334131
4334225
4334231
4334247
4334251
4334274
4334290
4334316
4334321
4334343
4334347
4334350
4334427
4334439
4334441
4334491
4334537
4334555
4334578
4334582
4334583
4334608
4334632
4334640
4334651
4334657
4334710
4334749
4334753
4334764
4334789
4334797
4334814
4334827
4334839
4334841
4334848
4334853
4334881
4334891
4334956
4334958
4334962
4335083
4335171
4335227
4335430
4335474
4335518
4335526
4335593
4335602
4335622
4335637
4335724
4335730
4335799
4335835
4335862
4335937
4335962
4336023
4336028
4336044
4336056
4336064
4336088
4336129
4336185
4336245
4336249
4336267
4336288
4336306
4336388
4336393
4336446
4336457
4336468
4336505
4336511
4336530
4336532
4336634
4336636
4336700
4336714
4336753
4336795
4336886
4336891
4336902
4336971
4336972
4336983
4336986
4337051
4337056
4337069
4337096
4337097
4337152
4337164
4337178
4337227
4337229
4337235
4337267
4337272
4337320
4337356
4337359
4337360
4337361
4337394
4337449
4337462
4337508
4337526
4337539
4337541
4337587
4337598
4337651
4337714
4337725
4337806
4337890
4337906
4337952
4337962
4337979
4338005
4338045
4338057
4338092
4338103
4338133
4338144
4338151
4338191
4338201
4338250
4338302
4338460
4338629
4338644
4338646
4338668
4338721
4338730
4338744
4338756
4338815
4338935
4338957
4338981
4339017
4339051
4339090
4339106
4339115
4339123
4339170
4339175
4339204
4339216
4339242
4339266
4339277
4339281
4339312
4339380
4339396
4339397
4339443
4339546
4339560
4339588
4339617
4339633
4339637
4339651
4339663
4339748
4339792
4339815
4339833
4339844
4339847
4339849
4339874
4339877
4339879
4339885
4339921
4339959
4340000
4340027
4340049
4340087
4340093
4340109
4340110
4340126
4340162
4340170
4340177
4340195
4340272
4340311
4340341
4340405
4340581
4340599
4340694
4340704
4340723
4340777
4340792
4340805
4340840
4340876
4340877
4340892
4340907
4340919
4340929
4340977
4341063
4341285
4341358
4341482
4341496
4341509
4341540
4341621
4341641
4341643
4341645
4341657
4341664
4341667
4341766
4341770
4341777
4341784
4341824
4341833
4341876
4341923
4341927
4341935
4341944
4341957
4341997
4341998
4342001
4342010
4342012
4342064
4342069
4342078
4342113
4342137
4342146
4342154
4342163
4342180
4342192
4342210
4342251
4342342
4342343
4342349
4342370
4342420
4342458
4342461
4342462
4342463
4342499
4342501
4342513
4342543
4342600
4342612
4342613
4342622
4342649
4342656
4342685
4342714
4342717
4342774
4342871
4342881
4342943
4343029
4343172
4343177
4343183
4343189
4343262
4343304
4343312
4343321
4343322
4343366
4343386
4343570
4343581
4343582
4343583
4343584
4343603
4343604
4343626
4343649
4343652
4343662
4343675
4343702
4343709
4343721
4343722
4343749
4343859
4343944
4343946
4344007
4344054
4344058
4344059
4344077
4344159
4344166
4344192
4344277
4344293
4344321
4344342
4344351
4344381
4344398
4344399
4344421
4344423
4344437
4344439
4344445
4344470
4344479
4344487
4344493
4344539
4344622
4344627
4344636
4344690
4344719
4344733
4344752
4344777
4344899
4344969
4345019
4345031
4345032
4345044
4345097
4345110
4345153
4345190
4345205
4345261
4345270
4345298
4345365
4345438
4345439
4345461
4345464
4345471
4345529
4345530
4345533
4345551
4345597
4345651
4345663
4345685
4345710
4345763
4345850
4345881
4345925
4345929
4345934
4345962
4345971
4345984
4345996
4346132
4346214
4346294
4346305
4346329
4346332
4346335
4346356
4346358
4346474
4346508
4346559
4346594
4346605
4346649
4346656
4346719
4346747
4346795
4346885
4346948
4346976
4347038
4347096
4347099
4347111
4347128
4347166
4347171
4347183
4347284
4347285
4347355
4347370
4347389
4347400
4347486
4347510
4347547
4347585
4347642
4347667
4347691
4347709
4347729
4347800
4347805
4347816
4347818
4347821
4347856
4347871
4347902
4347913
4347935
4347962
4347963
4348180
4348209
4348211
4348287
4348304
4348452
4348573
4348636
4348745
4348760
4348765
4348816
4348919
4348966
4348988
4349041
4349049
4349098
4349114
4349122
4349157
4349204
4349250
4349290
4349347
4349351
4349376
4349419
4349430
4349433
4349470
4349472
4349475
4349500
4349509
4349540
4349544
4349555
4349570
4349608
4349644
4349645
4349782
4349787
4349806
4349809
4349828
4349863
4349897
4349944
4349945
4349966
4350172
4350176
4350255
4350285
4350342
4350398
4350431
4350433
4350434
4350572
4350631
4350663
4350706
4350821
4350822
4350829
4350844
4350850
4350873
4350948
4350975
4351000
4351015
4351050
4351127
4351248
4351253
4351261
4351322
4351341
4351346
4351384
4351451
4351555
4351561
4351582
4351617
4351647
4351682
4351696
4351698
4351724
4351726
4351745
4351767
4351777
4351854
4351945
4351955
4351966
4352014
4352016
4352021
4352083
4352104
4352117
4352130
4352215
4352223
4352231
4352264
4352294
4352333
4352408
4352412
4352413
4352441
4352505
4352522
4352538
4352606
4352641
4352651
4352721
4352747
4352758
4352791
4352823
4352846
4352850
4352860
4352897
9266108
9266153
9266232
9266253
9266419
9266561
9266797
9266851
9266916
9267527
9267579
9267628
9267758
9267860
9267992
9268427
9268533
9268615
9268643
9268665
9268807
9268894
9269069
9269218
9269248
9269420
9269553
9269575
9269972
9270064
9270212
9270240
9270292
9270348
9270360
9270381
9270395
9270397
9270622
9270874
9271055
9271160
9271196
9271519
9271905
9271945
9271988
9272088
9272120
9272184
9272252
9272308
9272428
9272591
9272624
9272634