107277137
4324546
4324749
4325680
4325695
4326035
4326038
4326092
4326537
4326815
4327269
4327783
4328499
4329024
4329027
4329668
4329967
4330075
4330181
4330228
4330805
4330838
4331112
4331225
4331268
4331275
4331516
4331552
4331763
4331897
4332407
4333329
4333657
4333658
4333824
4333967
4334077
4334848
4334956
4334958
4334962
4335058
4335171
4336037
4336185
4336511
4336711
4336795
4337046
4337356
4337421
4337475
4337482
4337484
4337486
4337488
4337952
4339579
4339815
4339863
4339874
4339920
4339959
4340000
4340110
4340162
4340777
4341195
4341358
4341621
4341927
4341940
4341944
4341957
4342461
4342462
4342463
4342700
4343183
4343649
4344293
4344321
4344351
4344423
4345388
4345529
4345530
4345846
4345996
4346474
4347000
4347344
4347702
4347729
4347962
4348287
4348359
4350299
4350431
4350433
4350975
4352905
4352906
9266108
9266232
9266801
9271196